# oST version 5.0 parameters


[image]

width
640

height
480

[narrow_stereo]

camera matrix
500.145114 0.000000 267.128189
0.000000 495.008639 258.630031
0.000000 0.000000 1.000000

distortion
0.322255 -0.245850 0.017804 -0.049003 0.000000

rectification
1.000000 0.000000 0.000000
0.000000 1.000000 0.000000
0.000000 0.000000 1.000000

projection
533.594421 0.000000 241.518703 0.000000
0.000000 557.637939 263.637317 0.000000
0.000000 0.000000 1.000000 0.000000
